36
xx w 19060000 123 20.000000 23.000000 56.000000 0
xx w 19060001 123 35.000000 23.000000 84.000000 0
李四 m 19060002 123 67.000000 23.000000 83.000000 0
老刘 m 19060003 123 58.000000 23.000000 83.000000 0
王五 w 19060004 123 78.000000 35.000000 35.000000 0
张老三 w 19060005 123 20.000000 25.000000 56.000000 0
桑杰 m 19060006 123 78.000000 35.000000 35.000000 0
猴子 m 19060007 123 20.000000 25.000000 56.000000 0
唐僧 w 19060008 123 58.000000 78.000000 83.000000 0
猪八戒 m 19060009 123 78.000000 35.000000 35.000000 0
小乔 w 19060010 123 78.000000 78.000000 56.000000 0
大乔 w 19060011 123 78.000000 78.000000 78.000000 0
庄周 m 19060012 123 78.000000 25.000000 78.000000 0
周瑜 m 19060013 123 58.000000 23.000000 83.000000 0
诸葛亮 m 19060014 123 78.000000 35.000000 35.000000 0
李白 m 19060015 123 20.000000 25.000000 56.000000 0
嫦娥 w 19060016 123 78.000000 35.000000 35.000000 0
赢政 m 19060017 123 20.000000 25.000000 56.000000 0
张三 m 19060019 3579;= 78.000000 35.000000 35.000000 0
李四 m 19060020 123 0.000000 0.000000 0.000000 0
老刘 m 19060021 123 0.000000 0.000000 0.000000 0
王五 w 19060022 123 0.000000 0.000000 0.000000 0
张老三 w 19060023 123 0.000000 0.000000 0.000000 0
桑杰 m 19060024 123 0.000000 0.000000 0.000000 0
猴子 m 19060025 123 0.000000 0.000000 0.000000 0
唐僧 w 19060026 123 0.000000 0.000000 0.000000 0
猪八戒 m 19060027 123 0.000000 0.000000 0.000000 0
小乔 w 19060028 123 0.000000 0.000000 0.000000 0
大乔 w 19060029 123 0.000000 0.000000 0.000000 0
庄周 m 19060030 123 0.000000 0.000000 0.000000 0
周瑜 m 19060031 123 0.000000 0.000000 0.000000 0
诸葛亮 m 19060032 123 0.000000 0.000000 0.000000 0
李白 m 19060033 123 0.000000 0.000000 0.000000 0
嫦娥 w 19060034 123 0.000000 0.000000 0.000000 0
赢政 m 19060035 123 0.000000 0.000000 0.000000 0
兰陵王 m 19060036 123 0.000000 0.000000 0.000000 0
